"","1981","1982","1983","1984","1985","1986","1987","1988","1989","1990","1991","1992","1993","1994","1995","1996","1997","1998","1999","2000","2001","2002","2003","2004","2005","2006","2007","2008","2009","2010","2011","2012","2013","2014","2015","2016","2017"
"AFG",2870766.27421367,1854895.7892754,1749478.41274652,1573766.91318953,1452175.72809886,1047481.1047724,1177862.47534871,791171.070206964,541737.962530599,547356.736272999,506126.472993028,925756.781261785,1224150.44747645,1349212.50035247,1453673.27741165,1322960.83244927,1210922.99920189,897595.555807006,973059.471906517,1243372.72438178,1453809.73268515,1024955.4780286,267761.221352483,328130.276936868,626239.669216882,777616.62243319,538119.797894349,627832.211187681,899298.061655854,763542.572324333,946635.36103334,917354.050013615,264808.025049514,435768.830874981,520330.523982624,246082.793636342,540839.311292782
"AGO",1844889.81396402,1985459.60236779,1705395.71354147,1743648.06406289,1775516.77859933,1460912.07371613,1357839.54228435,1786462.95880742,1715897.97601555,2187098.07199097,1703467.91237434,1636297.08897674,1265775.97656245,1021186.70928572,667318.834754811,505334.274711086,1232212.66476759,856525.67341305,631877.557446375,732515.846583435,1342558.83130795,1570118.00280532,924360.443927794,110230.530482916,380248.474595174,561278.662723032,361818.985833525,432097.899989831,802239.050256997,447938.54823623,626826.522382681,800005.538848616,1585681.23907282,2100260.53126727,668191.517715075,893082.832786463,1102693.15859463
"ALB",NA,NA,8491.58512919217,10545.371632962,11581.3443666285,12147.571418296,12521.0681449796,12799.2230354854,331804.341499709,15651.0048433943,17244.927701037,16321.4861826543,17953.0491427278,15650.7819977701,14665.8533371656,16651.4944248372,19148.3199130109,19386.6833456903,17611.7518199017,15232.1713057186,1610.22956849988,2965.17660919051,4134.70890406923,4944.26401582596,5479.72224765736,6168.96786775774,6349.56633252672,12079.9887221312,9185.58012750573,7966.61363471061,14393.9523194643,10099.0960384467,7938.89911264741,7004.99017875314,12801.7878956607,9153.60240741477,7703.46706987655
"AND",NA,NA,NA,NA,NA,NA,NA,NA,NA,NA,NA,NA,NA,NA,NA,NA,NA,NA,NA,NA,NA,NA,NA,NA,NA,NA,NA,NA,NA,NA,NA,NA,NA,NA,NA,NA,NA
"ARE",NA,NA,NA,NA,NA,NA,NA,NA,NA,NA,NA,NA,NA,NA,NA,NA,NA,NA,NA,NA,NA,NA,NA,NA,NA,NA,NA,NA,NA,NA,NA,NA,NA,NA,NA,NA,NA
"ARG",NA,NA,NA,NA,NA,NA,NA,NA,NA,NA,NA,NA,NA,NA,NA,NA,NA,NA,NA,NA,NA,NA,NA,NA,NA,NA,NA,NA,NA,NA,NA,NA,NA,NA,NA,NA,NA
"ARM",NA,NA,NA,NA,NA,NA,NA,NA,NA,NA,232279.517724479,228282.034606546,223914.117960855,219474.276498211,214912.45492044,216536.491764079,212546.577717709,208115.801666203,203647.480760138,199310.439957042,195024.892308674,192972.386383427,189082.693514905,186315.185976864,191567.559587854,188342.694571059,184752.697684465,14567.0260853088,15286.9738431336,14572.7030445312,15169.5401690326,15782.6940525948,16420.5681825441,17032.0178691139,17616.0241627745,18171.1877601019,18729.2006496659
"ATG",NA,NA,NA,NA,NA,NA,NA,NA,NA,NA,NA,NA,NA,NA,NA,NA,NA,NA,NA,NA,NA,NA,NA,NA,NA,NA,NA,NA,NA,NA,NA,NA,NA,NA,NA,NA,NA
"AUS",NA,NA,NA,NA,NA,NA,NA,NA,NA,NA,NA,NA,NA,NA,NA,NA,NA,NA,NA,NA,NA,NA,NA,NA,NA,NA,NA,NA,NA,NA,NA,NA,NA,NA,NA,NA,NA
"AUT",NA,NA,NA,NA,NA,NA,NA,NA,NA,NA,NA,NA,NA,NA,NA,NA,NA,NA,NA,NA,NA,NA,NA,NA,NA,NA,NA,NA,NA,NA,NA,NA,NA,NA,NA,NA,NA
"AZE",NA,NA,NA,NA,NA,NA,NA,NA,NA,NA,336973.501124744,97552.0133859486,134152.825066553,367694.949509723,89898.6634003893,73090.5550373975,96389.0419341485,209954.034343176,122753.469663661,78522.1413699393,82622.215462717,326935.170843868,169060.455570319,104628.11854776,127377.166484441,69499.6820528273,7690.51183126574,14881.2355439415,27642.6888401839,25495.7220545355,26722.9727883504,27622.8306214079,42645.7235853474,42436.9202174868,2740.56587724335,5945.32025124278,9543.14855292206
"BDI",546715.79812266,419192.472222461,472996.592222769,351493.741286124,403497.255688357,429339.567475259,328369.902892504,398942.260949373,367642.750992186,262033.06137518,231137.669521257,337561.201987643,351941.317867807,240830.92169331,276159.791540476,291401.806101738,163329.563415606,138956.883896219,148256.452102572,328274.555775278,356775.87120423,97598.3091337646,29206.9910943406,68831.7691276215,81923.0457100524,98632.777993434,54000.8819358001,88100.8177230551,100044.799836765,74078.3786654603,74859.0623987319,87738.0234411058,56406.4395922152,57180.9891649013,56906.9062029338,50607.6891446585,56618.4514733043
"BEL",NA,NA,NA,NA,NA,NA,NA,NA,NA,NA,NA,NA,NA,NA,NA,NA,NA,NA,NA,NA,NA,NA,NA,NA,NA,NA,NA,NA,NA,NA,NA,NA,NA,NA,NA,NA,NA
"BEN",600182.639535856,535496.91729222,540661.81486004,592488.334622895,594862.312819462,438756.133913693,618613.159226392,390933.786835152,309477.397480975,318917.910010119,393257.741849963,309566.568265882,351822.723353686,506582.269989135,607823.041986889,306349.417958157,620615.202729755,288280.859225435,309079.943355136,396132.573693708,477297.169674548,264573.552728584,202221.003852825,87178.6743534746,144202.501197617,100238.588727596,157114.044350238,226326.491077404,236684.959748031,216065.625460508,213748.889273793,129039.55338464,214853.11710577,260296.960958836,84562.4857250055,138292.216299358,164568.884153377
"BFA",649381.493729623,732431.492079248,749151.062730703,944019.700374003,677111.789280412,548756.260416632,956180.204842501,469482.814267203,444131.585870895,512452.730737633,432559.178869088,862233.8601133,666783.274319004,387179.989967725,434880.993182042,796146.33682282,389289.209919386,652863.351188967,494747.189273951,413438.420277591,414919.210924436,90725.3760833673,310873.395842588,250660.264357649,136854.644059937,177843.028316094,183498.289375139,121403.99453641,556575.58485916,408340.685754509,323209.008225097,177897.618197931,250506.866033257,296375.686243362,50168.7014798489,170793.65827993,222225.228944604
"BGD",9818142.04158422,13332616.9602357,16167061.886802,18737620.4491837,19624049.6311789,21465654.4298472,21766990.236851,20830192.671034,18297701.5628961,14359087.1487473,16504269.4494462,15618942.9826607,15059562.2777159,17224001.5254222,15607329.7882799,15092194.8423438,18046636.6396425,17262982.3908801,16514810.8370307,15888043.415778,15155022.1059586,14481055.9304823,14449448.678577,12779631.3999166,20070289.7753224,17891845.5537679,3937779.73416326,5133278.82373214,5607947.43264719,6143540.85326936,4956316.96223985,5546103.11632758,5772212.85284434,7261302.6261202,500974.567193583,1073567.29630027,2189532.05434489
"BGR",110536.747494257,98293.7224949662,87288.9235402124,93075.2480489331,90145.0890189138,91586.9904152248,90665.3906644356,90506.4440227425,89863.9727669861,89248.007797744,88846.9644787509,152402.091464566,52204.6237367908,94795.1629628278,80020.8697654188,86121.0890115105,82225.7479217043,82707.5722808352,80643.470235871,82552.5096477574,80237.869415508,80729.3409285175,78258.842258403,78586.9161806927,77325.2344185459,77003.8308059688,76234.3131121851,75721.6566346718,75577.8342452599,148739.891086398,33721.1617786951,76211.6279355049,72233.9474960869,73630.6711894722,72437.1489647609,72306.2963158895,71482.4995741825
"BHR",NA,NA,NA,NA,NA,NA,NA,NA,NA,NA,NA,NA,NA,NA,NA,NA,NA,NA,NA,NA,NA,NA,NA,NA,NA,NA,NA,NA,NA,NA,NA,NA,NA,NA,NA,NA,NA
"BHS",NA,NA,NA,NA,NA,NA,NA,NA,NA,NA,NA,NA,NA,NA,NA,NA,NA,NA,NA,NA,NA,NA,NA,NA,NA,NA,NA,NA,NA,NA,NA,NA,NA,NA,NA,NA,NA
"BIH",NA,NA,NA,NA,NA,NA,NA,NA,NA,NA,268104.520744506,275174.468056958,282033.117081701,282939.16380397,283974.088491275,278170.787106825,322308.429478851,351719.149849573,336971.834917108,324334.197567505,311128.972111906,299136.191436579,288724.706384597,278718.864721808,269285.545790676,262609.392918779,254073.341267741,246642.743407269,239516.580418607,232862.391552083,226903.393589325,220822.186067652,215125.340200122,211180.623295793,207300.078027885,202158.93637834,197552.94198782
"BLR",NA,NA,NA,NA,NA,NA,NA,NA,NA,NA,NA,NA,NA,NA,NA,NA,NA,NA,NA,NA,NA,NA,NA,NA,NA,NA,NA,NA,NA,NA,NA,NA,NA,NA,NA,NA,NA
"BLZ",NA,NA,NA,NA,NA,NA,NA,NA,NA,NA,NA,NA,NA,NA,NA,NA,NA,NA,NA,NA,NA,NA,NA,NA,NA,NA,NA,NA,NA,NA,NA,NA,NA,NA,NA,NA,NA
"BOL",NA,NA,NA,NA,NA,NA,NA,NA,NA,NA,NA,NA,NA,NA,NA,NA,NA,NA,NA,NA,NA,NA,NA,NA,NA,NA,NA,NA,NA,NA,NA,NA,NA,NA,NA,NA,NA
"BRA",NA,NA,NA,NA,NA,NA,NA,NA,NA,NA,NA,NA,NA,NA,NA,NA,NA,NA,NA,NA,NA,NA,NA,NA,NA,NA,NA,NA,NA,NA,NA,NA,NA,NA,NA,NA,NA
"BRB",NA,NA,NA,NA,NA,NA,NA,NA,NA,NA,NA,NA,NA,NA,NA,NA,NA,NA,NA,NA,NA,NA,NA,NA,NA,NA,NA,NA,NA,NA,NA,NA,NA,NA,NA,NA,NA
"BRN",NA,NA,NA,NA,NA,NA,NA,NA,NA,NA,NA,NA,NA,NA,NA,NA,NA,NA,NA,NA,NA,NA,NA,NA,NA,NA,NA,NA,NA,NA,NA,NA,NA,NA,NA,NA,NA
"BTN",18596.6008031201,27510.9831648526,21788.904361872,21543.5214008519,15769.6948399175,17488.7900343621,14318.0071995949,10830.2343316838,12877.9659163495,7487.61353843678,11224.0433169575,6588.8225059368,12020.6045081702,14408.6707487979,7101.7083349023,3225.8862559095,6640.14772310715,6061.85419862129,24900.2832660821,11254.260074729,16132.5054373822,6252.11169174432,4629.09274894776,4330.52017902317,4163.74650762151,3049.58482932864,382.884873207744,1325.84697834855,1747.30067294483,2606.77156201686,2545.05021475078,2322.02560242732,2200.0389490882,4485.93302701834,3460.74007875548,4089.56467666347,4869.63854817017
"BWA",92032.8119041099,100272.553933606,216157.818256383,176478.090933592,127883.714090076,102617.138197146,75985.9049056028,79359.7602815375,157040.800549687,119944.312818929,95945.9421471272,87300.4358829268,200143.53354479,162799.065207972,112615.199890221,107997.055149338,203124.310132552,78535.220205072,53415.0914752309,118503.298058106,84506.8871955282,71950.0501225671,66230.2037717111,60980.9219514856,57858.2121108297,30343.3666719611,36934.4954380988,41305.2304137869,49352.5369278268,35496.8672571385,41212.7796360387,44796.3595229219,47250.5150802482,34780.8360679173,41503.8576291873,46521.0917073665,26438.2242722161
"CAF",333742.263778499,245616.941002466,191891.450802406,483563.052594801,248412.700543012,211497.049603341,234592.236921132,220944.438968461,116612.532971481,180474.656387178,349590.297304056,298328.133329141,221457.271842429,216088.612821614,169299.689117738,120303.90137543,107607.116757351,103366.685323726,140854.368602722,347177.984799614,312920.100908606,195528.200015509,162146.943356017,202594.051608541,148299.634800687,44748.7072856073,58322.2941449416,72423.0513974971,35065.3872994673,64117.903163539,154335.97503291,76429.9607565989,157854.215249384,143411.771712815,122466.251484597,137267.331749523,138206.477873599
"CAN",NA,NA,NA,NA,NA,NA,NA,NA,NA,NA,NA,NA,NA,NA,NA,NA,NA,NA,NA,NA,NA,NA,NA,NA,NA,NA,NA,NA,NA,NA,NA,NA,NA,NA,NA,NA,NA
"CHE",NA,NA,NA,NA,NA,NA,NA,NA,NA,NA,NA,NA,NA,NA,NA,NA,NA,NA,NA,NA,NA,NA,NA,NA,NA,NA,NA,NA,NA,NA,NA,NA,NA,NA,NA,NA,NA
"CHL",NA,NA,NA,NA,NA,NA,NA,NA,NA,NA,NA,NA,NA,NA,NA,NA,NA,NA,NA,NA,NA,NA,NA,NA,NA,NA,NA,NA,NA,NA,NA,NA,NA,NA,NA,NA,NA
"CHN",51214460.9798223,48102629.8377753,44865362.7766443,39422820.8822404,45274214.9877776,32584647.3483332,25000373.4266928,22438810.6541647,21189928.3670521,20941209.5550337,24457390.3556089,26567594.2484765,25417599.6255263,22273549.0054365,19469401.2721557,19881505.3377409,20977325.7306825,18883499.4798397,19124873.0682469,20033263.5013269,20997242.8701896,18067891.0137346,18745729.0069393,18822090.0365958,18493423.4694222,16589972.6564408,17239050.5621852,19256693.0829627,15999877.8299168,11679185.5646444,9945898.70433629,8710029.5013312,10520236.6747827,22125032.0366526,16987992.4679035,13845461.0804218,10604044.5542211
"CIV",1248626.79182769,1234963.99077316,918915.044043238,813034.485323584,967394.656717725,1739513.21693301,2098881.61083016,1459348.09103185,1528945.33349173,1514128.59311499,1168707.26954286,1414922.88445667,1076042.24895773,1183329.82115942,2360497.31355429,1810627.02090296,1285557.60600959,1393054.73074843,1006813.42116889,987515.779143175,993837.224383193,1007874.58326155,940238.385213309,800581.810918169,524363.287481831,131871.486572649,264993.451450076,342104.793434225,240954.372357834,379772.271325878,507805.407315614,264011.23013631,350373.979040341,488127.414364688,192869.552916017,360932.92564659,467157.101954317
"CMR",NA,1513679.83137119,1886148.92883562,1477080.77106734,1691391.72842275,1372627.38214164,1023734.81631984,1186202.04022796,1233055.84059755,1165878.49776982,1002478.05152923,1375787.3773569,975197.089346061,632785.892499346,557573.584286931,923540.994271335,826089.363640032,926910.153507631,958806.838732359,1100278.8767602,1430016.67644859,242130.669505841,198496.884279956,311786.434357225,378639.956995977,375492.451207091,282518.652265751,241352.785517132,324869.171391573,215569.018408919,337711.254511352,388590.988260289,262171.545645588,470993.247776115,531945.781029986,275968.395072732,391597.137644415
"COD",2056328.08145273,2872417.04788758,3665663.50629822,4473041.6433064,5218754.12484312,5995657.47382505,6763975.55996345,7517551.97676196,8318663.89202028,9149202.75552429,10238694.3118438,11227690.4854722,12140497.2598092,13040249.1859976,14059957.7160914,15189332.5616131,16298027.2595323,17466919.6319743,18667847.8928789,19356876.787991,20212578.8528975,21146278.8920886,17268366.7353104,18092836.5385507,15627954.146685,12398712.1538013,9236105.6645059,6978302.853024,6336529.6120919,6020835.02461921,7772950.05937048,9382918.76621961,8728161.36934095,2613053.8200969,873230.659261186,1463447.55530412,615019.63385232
"COG",347133.825052803,538383.968160614,621198.780466255,669404.500960663,448527.247438903,396445.815952779,263637.186256354,196697.393716998,171349.153367483,264144.637303412,315523.1395979,339527.048261442,246165.825408843,204392.785578512,260734.574178187,331519.654209743,284297.620243069,239665.443269093,227645.654817066,264220.861498247,296320.956947518,331127.254650057,370613.731581686,375417.322220561,102979.65141594,140916.748759048,160934.379907435,62161.238251381,103790.733666759,121085.134594525,81743.313892146,105137.075427573,151004.657917431,88005.3547384818,163837.593671589,186550.239277886,108437.763290589
"COK",1399.83586047344,1900.79075780017,1849.3331010552,1817.52284841915,1758.15241742434,1724.09752764987,1649.5117913616,1566.44880662761,3905.56733130766,3396.54593164793,2964.92111310549,2651.18709165035,2388.43998512259,2236.42032796819,2059.10956679061,1962.52401211159,1860.79734652895,1738.79255729027,136.067282051189,184.497336107498,240.660487311866,264.313082204009,272.33161850105,280.419133566339,287.05593090832,288.551940054231,56.941644617277,64.9306659713612,115.396259559989,120.652209872362,131.163596548541,137.455165913621,143.73089316961,149.98775026883,155.516078886319,164.20374791526,170.024302490027
"COL",NA,NA,NA,NA,NA,NA,NA,NA,NA,NA,NA,NA,NA,NA,NA,NA,NA,NA,NA,NA,NA,NA,NA,NA,NA,NA,NA,NA,NA,NA,NA,NA,NA,NA,NA,NA,NA
"COM",NA,NA,NA,NA,NA,NA,NA,NA,NA,NA,NA,NA,NA,NA,NA,NA,NA,NA,NA,NA,NA,NA,NA,NA,NA,NA,NA,NA,NA,NA,NA,NA,NA,NA,NA,NA,NA
"CPV",8725.80219893481,29658.5021473906,31998.0733709822,6855.26770900228,10689.8219504241,13010.5552591434,14693.3251863376,4830.56156321922,3752.39128242501,3679.83289554784,3987.39615268693,3696.31275533469,3363.39858756899,4272.16380611684,3993.78155595226,3675.17515389428,28687.9009588875,12204.9193147067,5134.00733823956,4011.46871116411,3535.51534745683,3325.98970716171,3198.58126238057,3096.70127712592,3002.73589254599,1794.04361856636,2289.73879081762,2471.83558381767,2506.30387394668,1684.99801552252,1405.01016629509,1251.48356556774,1184.51802405628,809.503283354491,923.465124604028,1324.40763211608,846.086550885755
"CRI",NA,NA,NA,NA,NA,NA,NA,NA,NA,NA,NA,NA,NA,NA,NA,NA,NA,NA,NA,NA,NA,NA,NA,NA,NA,NA,NA,NA,NA,NA,NA,NA,NA,NA,NA,NA,NA
"CUB",NA,NA,NA,NA,NA,NA,NA,NA,NA,NA,NA,NA,NA,NA,NA,NA,NA,NA,NA,NA,NA,NA,NA,NA,NA,NA,NA,NA,NA,NA,NA,NA,NA,NA,NA,NA,NA
"CYP",NA,NA,NA,NA,NA,NA,NA,NA,NA,NA,NA,NA,NA,NA,NA,NA,NA,NA,NA,NA,NA,NA,NA,NA,NA,NA,NA,NA,NA,NA,NA,NA,NA,NA,NA,NA,NA
"CZE",NA,NA,NA,NA,NA,NA,NA,NA,NA,NA,NA,NA,NA,NA,NA,NA,NA,NA,NA,NA,NA,NA,NA,NA,NA,NA,NA,NA,NA,NA,NA,NA,NA,NA,NA,NA,NA
"DEU",NA,NA,NA,NA,NA,NA,NA,NA,NA,NA,NA,NA,NA,NA,NA,NA,NA,NA,NA,NA,NA,NA,NA,NA,NA,NA,NA,NA,NA,NA,NA,NA,NA,NA,NA,NA,NA
"DJI",NA,12328.2260341266,22301.9941554854,98355.2199147528,24262.3015099972,31387.0657357903,23172.8345572222,48898.8903784087,52038.4814782954,28134.4466378101,21685.5869243025,29231.2215716826,24945.8300643823,33999.2647509707,23802.9528544751,49688.1908183356,46104.1229160221,39774.9267678181,48351.5581099631,38105.0475302414,30110.3961023324,25735.6551508255,12454.6437390044,10060.6735037199,40515.4463469628,16250.605657397,18859.5936108362,29614.4110005774,13863.490812256,15649.8520523285,20170.6772314349,68196.5108413426,21363.7411561783,17160.3288585668,18447.8328465526,10763.2431213239,11307.0855346853
"DMA",NA,NA,NA,NA,NA,NA,NA,NA,NA,NA,NA,NA,NA,NA,NA,NA,NA,NA,NA,NA,NA,NA,NA,NA,NA,NA,NA,NA,NA,NA,NA,NA,NA,NA,NA,NA,NA
"DNK",NA,NA,NA,NA,NA,NA,NA,NA,NA,NA,NA,NA,NA,NA,NA,NA,NA,NA,NA,NA,NA,NA,NA,NA,NA,NA,NA,NA,NA,NA,NA,NA,NA,NA,NA,NA,NA
"DOM",NA,NA,NA,NA,NA,NA,NA,NA,NA,NA,NA,NA,NA,NA,NA,NA,NA,NA,NA,NA,NA,NA,NA,NA,NA,NA,NA,NA,NA,NA,NA,NA,NA,NA,NA,NA,NA
"DZA",1933827.50297417,2791020.10610586,2838012.31277335,2898351.87602613,2552418.38192143,1996790.67974547,1726086.78516419,1572288.88504089,1539224.04453187,1450765.84718209,1518337.72432922,1642190.43385414,1538947.10040178,1559359.78439908,1635745.58280369,2059894.19604329,1290536.37154153,1222455.31682893,1153612.10499068,1122287.28910505,1107192.03473679,1160461.0228738,1559511.98840496,129952.097198116,168452.760676685,192329.048038735,214303.548306644,241070.585278911,291865.667661663,336662.990718181,380373.486735584,409050.927681574,447799.501406227,263083.552414856,166993.67375121,217246.657055509,149019.081252001
"ECU",NA,NA,NA,NA,NA,NA,NA,NA,NA,NA,NA,NA,NA,NA,NA,NA,NA,NA,NA,NA,NA,NA,NA,NA,NA,NA,NA,NA,NA,NA,NA,NA,NA,NA,NA,NA,NA
"EGY",879472.075594933,1810406.87634261,766123.469776346,1594825.86641799,1767077.96593337,780704.869529635,920074.561100487,1396484.35378209,1493125.93120364,723708.376707112,770371.951673204,1677237.57276096,1238196.22445369,873587.803465197,970972.443031779,1702353.99933818,1720644.57504212,1821316.2747826,914552.619323655,1277614.39942461,1105630.68606836,638040.905496111,301407.137408823,256634.026011226,239504.217354361,844659.74980152,1010323.1267764,667341.278000499,605114.045057877,163185.810360068,170403.44648194,364916.15334313,488515.082239193,1549994.03885455,2247845.39845457,721714.912116646,427052.674281664
"ERI",NA,NA,NA,NA,NA,NA,NA,NA,NA,NA,NA,NA,NA,305505.06232102,265910.881114657,383243.100071327,435605.005590424,338110.447727563,313101.271331119,443740.014047715,290618.388658534,326738.753500705,343287.621906412,120649.753991207,139222.071378587,187587.801405314,140375.948512468,150002.755161749,184455.011513464,142382.53162439,166868.425656195,234919.432527693,183997.044224363,216303.586619954,279423.450490194,233788.910477528,601314.706615867
"ESP",NA,NA,NA,NA,NA,NA,NA,NA,NA,NA,NA,NA,NA,NA,NA,NA,NA,NA,NA,NA,NA,NA,NA,NA,NA,NA,NA,NA,NA,NA,NA,NA,NA,NA,NA,NA,NA
"EST",NA,NA,NA,NA,NA,NA,NA,NA,NA,NA,NA,NA,NA,NA,NA,NA,NA,NA,NA,NA,NA,NA,NA,NA,NA,NA,NA,NA,NA,NA,NA,NA,NA,NA,NA,NA,NA
"ETH",3304260.76588769,3505257.41745305,4335880.97362983,3561268.56540967,12654660.6654175,5298546.85075398,5142498.87823249,3490062.31987761,4365621.86057883,4415864.41336121,4698640.9880722,5490707.5141055,5318424.01148575,4819423.78872524,4919696.43529321,4871489.8281317,4932874.88009497,5260835.57790995,3765432.01175133,4931892.50254433,2833300.34879922,4677193.76372085,5168526.82300605,4791029.23913602,4229893.39751523,5055161.77149009,2139171.19434794,2984067.26114166,4104531.49633749,3513294.47307144,2186692.79407658,3078294.04843706,3835252.54748055,5629686.19578625,7123489.02938287,4652459.61715186,2263055.12087409
"FIN",NA,NA,NA,NA,NA,NA,NA,NA,NA,NA,NA,NA,NA,NA,NA,NA,NA,NA,NA,NA,NA,NA,NA,NA,NA,NA,NA,NA,NA,NA,NA,NA,NA,NA,NA,NA,NA
"FJI",29324.0219598972,27396.8486665076,15199.9038088879,26186.1381785334,11113.5980320668,16340.7101131395,32597.7908442812,21842.1338447244,8643.92690836226,6432.88195037433,9582.04756099135,34412.2247910089,18067.1391554897,6972.79829553646,18857.4816850937,7212.51506115904,29843.1280510692,3375.39911540876,9422.30389215898,13794.4621642489,7009.92171518607,15072.063950374,14998.6426646666,6642.49582231374,7981.99469401581,9506.27888235952,3239.60241064796,2436.84555611515,2256.56440165149,1939.2285467221,3304.10419128121,2481.99780661591,2383.32174091571,9865.95576322969,10612.2360865379,5301.13347609399,3623.86139175596
"FRA",NA,NA,NA,NA,NA,NA,NA,NA,NA,NA,NA,NA,NA,NA,NA,NA,NA,NA,NA,NA,NA,NA,NA,NA,NA,NA,NA,NA,NA,NA,NA,NA,NA,NA,NA,NA,NA
"FSM",NA,NA,NA,NA,NA,NA,NA,4593.17150126795,4580.44211208023,4955.86845088982,5416.44232289379,5803.84534225453,6007.53093377054,7502.12426008504,6617.57579330404,6105.60295493161,5835.31885955453,5482.9592047191,5680.43706644981,5467.21193835349,5219.90459343975,4906.18693995533,4671.14925661873,4488.40365795761,4220.6970827315,4106.23757848365,3906.67052904203,3803.71595006332,3687.42059812907,3663.07024033935,2619.81106206229,2661.14242325499,2697.86859298573,1714.60571178819,1228.42666656619,1527.38126697449,1109.88988583447
"GAB",117505.214387561,104378.658843829,167050.654789331,224291.974701985,186022.584431527,222442.592704426,129216.267002885,82887.2521009003,108946.910491625,81449.1113617385,87377.5816993104,95975.662322404,89265.5576654662,98251.29097204,106894.091187454,63575.3152076488,78989.8947548478,92762.5541181807,105168.58397018,62678.9603874669,94531.598045747,70136.9062731545,88079.6130563648,62605.2236128429,18886.116945351,37502.6889473058,40676.7730684845,22463.2919607645,34497.5078633445,40965.4820675477,43332.1847820925,45380.6656436828,31337.0975420588,17458.888812764,37443.8627404905,74406.3156875422,48737.7118547094
"GBR",NA,NA,NA,NA,NA,NA,NA,NA,NA,NA,NA,NA,NA,NA,NA,NA,NA,NA,NA,NA,NA,NA,NA,NA,NA,NA,NA,NA,NA,NA,NA,NA,NA,NA,NA,NA,NA
"GEO",NA,NA,NA,NA,NA,NA,NA,NA,NA,NA,NA,324380.592024253,356563.558215978,385599.56660211,413967.856125907,438133.368767639,445701.858944918,451202.707654105,455734.060910477,460583.769204153,473703.164082938,480835.292130381,485117.389818618,492121.477751774,491321.52719105,54775.5297190909,55888.576784219,57387.0456936109,22572.377592361,24517.5572042971,26885.7857351244,28883.4599789233,30671.4274033062,1606.56954713064,137.114568473625,1123.67464653582,82.5254861245606
"GHA",1183100.10323318,1855902.10748461,1256218.4855454,1296221.41460298,1689732.73493977,918771.614532826,1035604.46542465,1341593.43440387,1016668.90594527,1217723.11937254,976728.438192329,1391970.93337564,1335601.58588282,1348345.03865281,1463076.52170146,1377211.41009442,1437167.34049404,1193016.03184113,1018488.93968098,1134761.60607702,980556.639120702,895969.965798585,67809.9311595814,235318.238868414,345899.513434389,405351.590879906,261133.380843086,362926.872400423,396768.359623691,436752.369436183,283249.229758854,370671.295325265,384035.030041263,25491.8569331025,130928.411305002,223637.735171301,15809.7894826432
"GIN",687165.630202609,753695.924950969,545531.000827916,389563.860946821,327102.041658928,308979.699899753,523146.067074077,373487.870354362,398711.620901014,531868.959745081,531583.118103951,328061.703138602,488852.511969006,369503.299386554,287412.575692516,826086.623429337,751653.371613426,716894.362007344,1083940.1064574,819481.632326954,666312.760422115,434794.041541105,384364.662448277,54338.1848998983,149362.278468074,188056.457418834,88470.7925154035,166804.07047284,221483.89364645,97778.0122792574,167218.161578922,203332.709052995,97236.9305724901,192279.994660332,73321.2648014302,97096.787599371,386611.822227911
"GMB",38720.7489222102,118088.568533156,96765.5051994895,83263.2875880198,113342.987910094,95853.9257257448,84365.2764748146,80612.0744418113,77713.151673897,76285.8973656348,48778.1637469249,57405.4818601894,94199.5127620334,62466.1435191048,46696.539895297,33795.1024485544,74597.2908367633,77667.1891248038,98151.8473674779,71348.3610884071,51386.2955640959,40463.4523928936,43717.1376619749,6924.72823264389,17029.2798689705,22969.2102862212,27059.9037661798,18198.738661443,23748.4019200573,28108.4706062997,31137.2172923986,17738.5121391011,22115.8468877878,35048.9485532221,39307.6118014111,39278.2820402198,36914.563143234
"GNB",104892.170989735,86632.1096879282,141106.127921882,47425.5819523601,80459.1869802017,114201.962543036,39950.7917056426,74754.5425832675,35923.2288934102,38005.9349698733,135656.337908934,68328.541319576,102103.497476742,51386.6888228472,54992.9281424293,36653.1701838003,52857.5609493682,63066.8557388729,54246.6094086683,61487.3118352378,39057.4689137163,44144.5219495823,89980.9421811787,82834.4512632985,39495.5350422773,29663.3878096088,6105.51440129765,17808.0655169166,23015.0595816709,16418.0603005903,22876.0197815611,26386.2705725125,17436.3714596363,24517.0241251622,36471.8835556407,18568.7613721249,23932.1148412585
"GNQ",NA,NA,NA,NA,22976.984622563,31186.5734379406,62558.2924694134,82983.688696161,61739.165217996,46284.904028336,39644.6415065836,37040.9502821337,35788.209740003,35370.2221547125,34755.905972436,34497.9175795964,34433.3216989351,35015.8197452182,39955.6336073177,43865.8265214632,49589.803372036,50597.5727360071,51779.1804157186,53144.0238031449,55328.9338174507,30617.9889519622,39268.9196755873,47291.876581393,52836.4901111912,17121.9754456979,29123.4655501082,36034.0560622273,26778.0750470043,49133.7589013431,85548.6599946432,68287.8063122976,115438.695357253
"GRC",NA,NA,NA,NA,NA,NA,NA,NA,NA,NA,NA,NA,NA,NA,NA,NA,NA,NA,NA,NA,NA,NA,NA,NA,NA,NA,NA,NA,NA,NA,NA,NA,NA,NA,NA,NA,NA
"GRD",NA,NA,NA,NA,NA,NA,NA,NA,NA,NA,NA,NA,NA,NA,NA,NA,NA,NA,NA,NA,NA,NA,NA,NA,NA,NA,NA,NA,NA,NA,NA,NA,NA,NA,NA,NA,NA
"GTM",NA,NA,NA,NA,NA,NA,NA,NA,NA,NA,NA,NA,NA,NA,NA,NA,NA,NA,NA,NA,NA,NA,NA,NA,NA,NA,NA,NA,NA,NA,NA,NA,NA,NA,NA,NA,NA
"GUY",NA,NA,NA,NA,NA,NA,NA,NA,NA,NA,NA,NA,NA,NA,NA,NA,NA,NA,NA,NA,NA,NA,NA,NA,NA,NA,NA,NA,NA,NA,NA,NA,NA,NA,NA,NA,NA
"HND",NA,NA,NA,NA,NA,NA,NA,NA,NA,NA,NA,NA,NA,NA,NA,NA,NA,NA,NA,NA,NA,NA,NA,NA,NA,NA,NA,NA,NA,NA,NA,NA,NA,NA,NA,NA,NA
"HRV",NA,NA,NA,NA,NA,NA,NA,NA,NA,NA,NA,NA,NA,NA,NA,NA,NA,NA,NA,NA,NA,NA,NA,NA,NA,NA,NA,NA,NA,NA,NA,NA,NA,NA,NA,NA,NA
"HTI",NA,NA,NA,NA,NA,NA,NA,NA,NA,NA,NA,NA,NA,NA,NA,NA,NA,NA,NA,NA,NA,NA,NA,NA,NA,NA,NA,NA,NA,NA,NA,NA,NA,NA,NA,NA,NA
"HUN",NA,NA,NA,NA,NA,NA,NA,NA,NA,NA,NA,NA,NA,NA,NA,NA,NA,NA,NA,NA,NA,NA,NA,NA,NA,NA,NA,NA,NA,NA,NA,NA,NA,NA,NA,NA,NA
"IDN",NA,NA,NA,NA,NA,NA,NA,NA,NA,2839458.23673595,3153866.59484734,6206170.63682051,5263060.45669269,4696302.19092284,3904707.01439212,3754960.79610521,4857436.784381,4962836.81496964,6150636.38154491,4812304.84668082,4516023.16818488,3846340.56407017,3862276.64506216,4378638.39669975,5181513.3164208,5379225.59993286,3150141.68272509,3074714.24892633,3143435.85507606,3969811.47218026,3290411.15377315,4023749.07331517,2862504.04772594,3473498.40279476,3832975.85913602,2714562.03224072,2936076.25955313
"IND",49213937.119362,45984075.0226167,44820663.5865741,51097229.5547874,49192911.3563996,48201951.3588832,56502894.69984,48070080.476957,47273167.2073969,38861814.301837,38325156.308956,37055911.5624234,34113714.6201088,32716404.9290756,30710481.588827,32004131.8251426,35341115.1186202,33688520.3556561,32104118.7142425,33433732.8203806,35561875.1045264,35405018.325932,35487053.8533486,35330485.3605739,35168495.5706936,36346550.8753689,34941577.4364099,34274974.9934035,35327069.8553147,33344262.1905084,31035907.0374517,25698598.5217605,21783425.6898136,5096511.16014185,10475147.9776852,12538776.9845281,3467372.67847328
"IRL",NA,NA,NA,NA,NA,NA,NA,NA,NA,NA,NA,NA,NA,NA,NA,NA,NA,NA,NA,NA,NA,NA,NA,NA,NA,NA,NA,NA,NA,NA,NA,NA,NA,NA,NA,NA,NA
"IRN",2552611.6568972,3092870.96648591,3185143.76831534,2926236.9897922,2380770.75191921,2155010.30624529,2272954.86690344,1893052.98318533,1595914.60564858,1428114.6208207,1379723.27256982,1274582.76024653,1203761.05134067,1009577.84274319,890442.858685622,876860.71690923,938172.301613711,934018.470260616,978883.530578749,1314494.08657925,1456259.59106881,1526206.02941116,1645173.19867234,91075.6245713265,124225.239578307,147327.873790745,174117.596587416,195644.045389977,222799.960038073,258743.603380426,279430.579545304,312051.931012242,333999.112460867,139182.236459007,168461.917817178,192370.963557295,74488.2597817376
"IRQ",1129637.95044834,718616.055475367,809371.101550164,818501.942035042,595224.650855131,411973.384935581,355717.78804388,384039.844341595,424332.717208625,261662.088729928,429392.120967416,605676.459558009,544080.896170921,441721.754841722,376345.406746948,129153.391475192,145536.279809856,358661.152701797,442710.556137578,303876.728404777,310163.719928511,395009.357535696,258652.322713194,453092.005271177,136321.356023861,126553.5759262,107288.89241068,310717.626344712,312461.189111107,110547.645113251,89883.5870695995,132931.744658137,131343.328733197,118208.138836146,158490.993801706,120704.326597953,62882.8345412066
"ISL",NA,NA,NA,NA,NA,NA,NA,NA,NA,NA,NA,NA,NA,NA,NA,NA,NA,NA,NA,NA,NA,NA,NA,NA,NA,NA,NA,NA,NA,NA,NA,NA,NA,NA,NA,NA,NA
"ISR",NA,NA,NA,NA,NA,NA,NA,NA,NA,NA,NA,NA,NA,NA,NA,NA,NA,NA,NA,NA,NA,NA,NA,NA,NA,NA,NA,NA,NA,NA,NA,NA,NA,NA,NA,NA,NA
"ITA",NA,NA,NA,NA,NA,NA,NA,NA,NA,NA,NA,NA,NA,NA,NA,NA,NA,NA,NA,NA,NA,NA,NA,NA,NA,NA,NA,NA,NA,NA,NA,NA,NA,NA,NA,NA,NA
"JAM",NA,NA,NA,NA,NA,NA,NA,NA,NA,NA,NA,NA,NA,NA,NA,NA,NA,NA,NA,NA,NA,NA,NA,NA,NA,NA,NA,NA,NA,NA,NA,NA,NA,NA,NA,NA,NA
"JOR",179338.572868086,272357.242288177,328125.358588053,539401.948303852,624094.066231408,671741.497093027,925213.564131756,1541242.2999965,1602595.84401812,1540178.91565346,1469636.44028031,1548030.00336921,1947561.31747907,1865909.91972691,1754031.0234808,1691345.01842025,2173436.29951785,132373.752597762,146018.982012087,108099.656354628,113093.035967233,117961.360685039,123363.05052248,125737.517158842,130683.151973954,135363.432124694,139496.334255691,144932.35584586,150442.94773465,153785.700486624,157186.373260547,160435.922678855,150508.49613938,10295.8759666729,16849.541098519,21535.6547189618,2068.11088942919
"JPN",NA,NA,NA,NA,NA,NA,NA,NA,NA,NA,NA,NA,NA,NA,NA,NA,NA,NA,NA,NA,NA,NA,NA,NA,NA,NA,NA,NA,NA,NA,NA,NA,NA,NA,NA,NA,NA
"KAZ",NA,NA,NA,NA,NA,NA,NA,NA,NA,NA,NA,NA,NA,NA,NA,NA,NA,NA,NA,NA,NA,NA,NA,NA,NA,NA,NA,NA,NA,NA,NA,NA,NA,NA,NA,NA,NA
"KEN",2894927.05415256,2713085.52774047,2849665.5949395,2369006.05105197,1776254.81324419,1068442.56533994,1194665.18995149,1440515.31004985,1637650.25513871,1570254.2150996,1412868.57244462,1476334.14051544,781598.459301007,607011.735422306,541478.097476993,535426.783509422,542188.652883001,638585.644164531,698292.899755398,937926.055684277,850769.861530952,663214.012620254,76057.7647001251,339097.350584658,499234.147306093,583573.891325001,605637.834406962,571315.819533412,571040.274937483,366044.942207204,525371.154949493,510911.364544253,336675.772877131,472858.165393531,587815.467710292,431038.027008008,512423.442786685
"KGZ",NA,NA,NA,NA,NA,NA,NA,NA,NA,NA,NA,NA,NA,NA,NA,NA,NA,NA,NA,NA,NA,NA,NA,NA,NA,NA,NA,NA,NA,NA,NA,NA,NA,NA,NA,NA,NA
"KHM",1179702.24198032,1427740.25382583,695019.686259062,1150149.73647832,1273070.91915688,812234.307609777,630119.950970659,530187.666181013,606950.200819619,490374.801806972,453236.373996065,465754.575725748,435095.206511522,404713.807935603,409854.104258102,440704.372924016,487531.19058727,455493.790460494,719838.496256025,734766.050373365,586488.225555502,327213.667534389,245254.548036512,188427.526207345,250094.726169003,282802.093539453,309083.572918681,278533.834618478,428186.094292951,387050.253959997,362726.430438986,195176.342990666,193200.922287177,21796.8398571341,48599.4780493162,75394.183335892,9888.64971920691
"KIR",1021.90999631674,882.54961986327,797.744815668629,4627.71150983738,6242.85181860384,854.935010771076,973.69719121854,1564.38656444346,5658.933745721,711.338605414706,731.81676644315,7333.77756850151,993.922426688945,1706.15614823316,949.829153682922,802.962568833291,698.590570946164,2021.44531548373,156.941788044965,373.506682379202,504.668189562703,458.337833425293,1149.22049390961,858.176107153328,600.383180154887,1587.74548405871,615.328382024304,462.891771284987,433.281980134084,248.66708406972,254.623494019779,327.562099920682,403.535525490209,458.041353114854,1221.29162918095,2032.61403689098,1047.35416227611
"KNA",NA,NA,NA,NA,NA,NA,NA,NA,NA,NA,NA,NA,NA,NA,NA,NA,NA,NA,NA,NA,NA,NA,NA,NA,NA,NA,NA,NA,NA,NA,NA,NA,NA,NA,NA,NA,NA
"KOR",NA,NA,NA,NA,NA,NA,NA,NA,NA,NA,NA,NA,NA,NA,NA,NA,NA,NA,NA,NA,NA,NA,NA,NA,NA,NA,NA,NA,NA,NA,NA,NA,NA,NA,NA,NA,NA
"KWT",67862.3551576509,59281.6631530774,102093.421488415,66172.3255129307,128856.787121267,59481.7283270436,55227.5623566367,34935.1233409175,28501.6342287453,29988.5825822167,35556.7050414299,49966.1112649942,42290.0721418458,50074.2517076106,13792.8198397974,12285.8794062576,12876.8555014895,19842.4618052389,8683.21095936547,8859.04275164685,9878.5209657717,11126.9114171367,12406.6527105664,13390.7275329124,12621.478329761,13628.3781695334,14894.6555808051,16401.7412853681,17651.3056120589,15101.4201064992,17140.2070251642,17893.5961599894,22628.6903739049,26092.5901750428,23130.96211076,20776.5814297286,20327.9367509055
"LAO",NA,NA,337192.521824476,551084.364314923,850303.162311666,988540.122490113,1295712.1183974,1351345.67169667,1484377.5293151,1426952.38645445,1271380.60019868,1057953.19072644,1064387.64050069,1032254.80897085,1444427.63575142,1211362.39371958,1073269.98921957,1736437.08541772,1624940.49359182,1241660.93129254,990885.409221759,825572.159219364,1093140.64736742,1222887.15308796,1049372.22572153,915109.670417799,1156835.54996695,105550.007254733,193192.473410705,280500.973834039,352946.869761801,32142.2251359007,79842.5103069592,146744.468875471,59436.8010148343,105710.772197367,142565.206978641
"LBN",NA,NA,NA,NA,NA,NA,NA,NA,NA,NA,NA,NA,NA,146981.82548128,143665.543393139,140855.611729817,137476.793205151,149002.36886306,142470.315146936,139905.299634017,8617.03686315197,12484.3606039222,16755.8195624625,32634.3073157122,54771.188700937,67954.9563578902,82387.9974863492,87353.0275513732,89344.7931659464,91131.5951726867,93593.2752134747,95799.4815765562,102026.326072867,5300.0648215402,7645.14585741591,15199.878983026,1198.60148555374
"LBR",391757.299406116,326192.462228213,259412.091934898,308813.904845663,189125.248183104,119332.755846277,166135.437673461,180972.742555628,154358.700883441,178711.680227189,185335.306503532,187729.26739494,198280.253044628,105043.672533878,75740.2960517316,155476.706936881,203707.914548092,154425.505563358,158852.714502608,228948.56223384,157149.440583617,94447.8457296603,83102.1936874669,75536.8843114211,7739.2645127249,38951.3839332737,49497.6066388389,23393.5837157232,38674.8270570468,250753.874425548,128538.44012712,47612.0915135778,56688.796741368,61768.3470458993,155245.615800953,144277.014413385,154225.865531487
"LBY",NA,NA,NA,NA,NA,NA,NA,NA,NA,NA,NA,NA,NA,NA,NA,NA,NA,NA,NA,NA,NA,NA,NA,NA,NA,NA,NA,NA,NA,NA,NA,NA,NA,NA,NA,NA,NA
"LCA",NA,NA,NA,NA,NA,NA,NA,NA,NA,NA,NA,NA,NA,NA,NA,NA,NA,NA,NA,NA,NA,NA,NA,NA,NA,NA,NA,NA,NA,NA,NA,NA,NA,NA,NA,NA,NA
"LKA",NA,NA,NA,NA,NA,NA,NA,NA,NA,NA,NA,NA,NA,NA,NA,NA,NA,NA,NA,NA,NA,NA,NA,NA,NA,NA,NA,NA,NA,NA,NA,NA,NA,NA,NA,NA,NA
"LSO",92368.1325576105,90748.7522558349,80594.9366938142,83439.7269309318,94615.8196547113,75598.3282823952,59351.8652625013,51016.847511732,45587.0577572849,51246.6080350055,54415.8882422712,51039.1798298284,36611.9227025048,34361.23396575,30680.4738313065,34675.6500535582,26876.3966231826,32165.2228433725,37224.8607265976,26192.1342679473,2580.37467854683,11271.2759202424,16424.6960988751,11815.8692347482,15998.2610351956,16419.2250545538,16914.4498827893,10667.7693738841,14350.8442301535,39049.608850617,33347.9825956163,30638.639632257,32139.640388685,18844.7897097594,20530.306210053,21404.53426248,12210.7295175708
"LTU",NA,NA,NA,NA,NA,NA,NA,NA,NA,NA,NA,NA,NA,NA,NA,NA,NA,NA,NA,NA,NA,NA,NA,NA,NA,NA,NA,NA,NA,NA,NA,NA,NA,NA,NA,NA,NA
"LUX",NA,NA,NA,NA,NA,NA,NA,NA,NA,NA,NA,NA,NA,NA,NA,NA,NA,NA,NA,NA,NA,NA,NA,NA,NA,NA,NA,NA,NA,NA,NA,NA,NA,NA,NA,NA,NA
"LVA",NA,NA,NA,NA,NA,NA,NA,NA,NA,NA,NA,NA,NA,NA,NA,NA,NA,NA,NA,NA,NA,NA,NA,NA,NA,NA,NA,NA,NA,NA,NA,NA,NA,NA,NA,NA,NA
"MAR",2234181.14223856,1408061.52194728,1845566.57738198,792083.040557767,567100.586321042,744418.10576941,1002797.95153989,504894.286555375,377791.443172415,345197.394079467,352311.799716576,483707.247075541,577897.906446424,447091.093794404,379011.300080114,313445.301461195,344491.02078561,567973.710509638,677751.867291092,582776.315940698,417796.806619631,507425.801200243,700735.155562546,542692.773608496,521335.155188755,312399.031723995,315236.222859608,274126.879629184,161936.980028766,174453.551537865,207754.158661155,195464.830962644,150482.130442611,10466.7852351497,30822.7091605121,53458.1238631995,3906.61895229611
"MCO",NA,NA,NA,NA,NA,NA,NA,NA,NA,NA,NA,NA,NA,NA,NA,NA,NA,NA,NA,NA,NA,NA,NA,NA,NA,NA,NA,NA,NA,NA,NA,NA,NA,NA,NA,NA,NA
"MDA",NA,NA,NA,NA,NA,NA,NA,NA,NA,NA,209949.795554135,181128.507481071,243127.130169991,226778.556947718,281555.323405723,201346.618924263,176981.03774443,209195.769691827,161967.204208738,205350.275425988,185322.167739362,249878.587938014,31802.8394064112,31205.6632100306,30471.1165050418,34057.3293913941,33015.4574957436,30166.6480055543,28061.3320851829,26136.767409505,24766.014689199,25748.7373617283,29682.3560540076,27592.6941779352,25763.5415556747,24398.2507101823,23143.3538478025
"MDG",2268523.73755286,1364986.17697738,1567862.95553762,1212565.48296656,1260474.87889554,741458.957254413,563370.037906072,626525.955601894,820724.012156003,634223.110422769,481044.606722358,387622.599601814,443742.46085431,601577.753779856,600066.487858787,528493.127346202,652018.257365008,704001.64349248,1035256.7456749,1061938.20690827,702205.627143739,661507.290450397,1583567.03857088,1147866.43741752,68318.2828746879,218132.275104101,272214.95906186,188064.861582054,301238.459667916,347752.954880559,228569.199950502,332553.391528258,402271.747225127,262036.724828121,391657.273542746,462250.151332916,277808.063853086
"MDV",NA,1875.99747475259,1980.95946489336,2042.92799834324,6461.39629352923,2111.865937595,2245.64585230459,1850.64677379384,1744.81549524625,1590.59143125453,1548.83923717162,1526.54586671852,3586.60492654747,22607.4833202305,15455.4838188451,1022.63870802475,213.312278951189,868.56701237646,2426.7039405637,2403.26268319875,1792.79607315608,33544.4104747519,4433.54194665175,3241.5733590602,6287.74763129665,2733.89606960062,2469.35310866115,1367.74413592485,1469.38036813556,1252.65431384518,1167.96703202066,1111.30011052711,1080.5871897171,1134.02673662148,1172.80723454902,1210.92291928217,1313.08149555104
"MEX",NA,NA,NA,NA,NA,NA,NA,NA,NA,NA,NA,NA,NA,NA,NA,NA,NA,NA,NA,NA,NA,NA,NA,NA,NA,NA,NA,NA,NA,NA,NA,NA,NA,NA,NA,NA,NA
"MHL",1221.69050337471,2249.07034164516,3386.98026595438,4528.07405090236,5666.76180334419,6799.92958770388,7663.97742614159,8590.27990933999,9337.40761107245,9917.59983380084,10225.5187124225,10385.587966732,11195.0808280024,11694.2878214842,12205.0611339786,12553.7894681177,13105.0833303358,12993.1171498853,12884.2312426376,12896.8057688982,13254.1084141503,13208.1287970733,13089.7191477808,12999.5497058295,12932.3375060382,12842.397585492,12724.4696815667,12637.6863593106,12637.6934657336,12523.8383932848,12426.6513734197,12438.6556737852,12482.6110083183,12526.2879787046,12545.5779145794,12564.6252330239,12545.5582731862
"MKD",NA,NA,NA,NA,NA,NA,NA,NA,NA,NA,NA,62550.3364620822,104989.219056889,81949.9860501515,76499.9263032645,206385.296964844,107073.559669192,75262.886260731,49903.2617181462,39822.1932790158,34136.2239771012,29827.8970987503,27312.9882666636,24252.9091952831,21651.9412652279,19613.6208403775,17812.8782143997,21249.6662182957,19466.8775407393,48308.676239871,167770.35362543,57994.9108503347,38280.578730618,46844.8259003178,32559.8010226785,25979.9714025631,25355.9593137385
"MLI",1410901.29774574,2128545.06082749,1470713.67288016,1082507.38625279,1280164.93863583,1084794.77400219,1046311.17357873,1056172.53074313,965534.714942044,717621.852757009,2115905.73467194,1490385.58854189,1741353.01104494,1090716.25022257,994870.530908197,1871152.39372362,1153714.89058072,1806562.43026504,1082702.45267241,863634.258265148,1170114.87067275,91386.0671919413,305171.43983438,401746.446950931,157993.13955009,324412.103999248,398362.163046065,238988.940480571,899834.167648107,930116.954582527,746613.539976595,433066.84528581,509464.930801819,656061.629253441,685051.822515422,667202.462003531,734905.217904086
"MLT",NA,NA,NA,NA,NA,NA,NA,NA,NA,NA,NA,NA,NA,NA,NA,NA,NA,NA,NA,NA,NA,NA,NA,NA,NA,NA,NA,NA,NA,NA,NA,NA,NA,NA,NA,NA,NA
"MMR",2506101.41728093,2411418.31367849,2032860.37663952,1897855.6202266,1899752.9484335,1680505.29302362,2082711.27857199,1807295.36486287,1708506.65505297,2848598.30047943,1881190.40966262,1166809.83235746,1421281.00090681,1173015.19273107,940941.137891731,1116701.28363996,892444.952006648,1048073.49826896,808792.754659422,808192.622319982,1470419.09987978,863174.805886856,795278.170766187,1047015.89034717,622965.420084319,770649.541604359,925006.373745772,499929.491654044,504386.772053934,409950.53076428,1842341.1442539,1367501.91346904,920916.709714635,643445.132875199,339544.84620784,486087.862822966,1179208.26648985
"MNE",NA,NA,NA,NA,NA,NA,NA,NA,NA,NA,NA,NA,NA,NA,NA,NA,NA,NA,NA,NA,NA,NA,NA,NA,NA,NA,NA,NA,NA,NA,NA,NA,NA,NA,NA,NA,NA
"MNG",115630.178315025,138626.713250838,152850.29324877,151188.106121697,153438.60770902,160367.185748788,121535.691720632,101972.062082585,86217.6702796998,75366.6774490705,70972.6632900382,67226.2446003792,64415.3939934007,63329.2636041757,55767.5492465534,54272.3381775775,39494.0307238543,40008.9984757587,40438.030008731,41808.9093906627,36758.4916496389,36475.2737010468,36083.6458125398,35803.6677148336,35660.1020965708,35720.7947621908,35810.5495174304,29837.085739283,30759.4122690782,31764.7363355459,32339.870733337,32864.9193105393,3691.74661919529,4959.80957087727,6250.1757778935,835.823730197585,1898.84462040385
"MOZ",1272452.56005772,1026834.47921937,1026402.75388709,1070973.24022119,1260598.89308253,1239306.5137453,1091086.79184594,1059150.42761696,1566075.5064135,1330872.38690417,762023.470818418,597454.098944177,749880.309113053,1002319.16204191,711379.40018428,1008560.53017234,1353919.01046271,1372793.36284339,802710.180633131,937957.056257285,938031.024284416,953153.264876242,1091858.37121019,1124235.83274747,1332668.08883608,148535.512115828,280565.970151891,304355.76281677,173937.093874629,584657.080390689,434334.456273641,214998.027416927,268886.037968582,317680.142355127,335981.075323528,583979.192305562,253017.000879589
"MRT",253054.712668983,195198.776603373,334766.144851763,261997.543802,321399.182900494,190835.301699078,136694.535500713,90418.1265885317,183894.053406852,122944.964118934,176893.854397029,188513.19598353,205098.592763178,153806.017926345,93178.7927102701,64096.2313850877,73438.6516577219,103927.669864939,217032.53358346,146611.190120923,126881.300007251,105258.543434058,183263.895049346,222203.463234244,15656.5852163372,46051.1705756736,58943.857214945,67268.5415723004,85694.2381527814,123240.825838894,102719.240938914,49444.1756213266,62506.2684577354,73207.9721165736,12007.4552673072,50841.700041438,68888.6455649171
"MUS",27257.7981416044,40858.3032189922,50328.8451387032,59011.7547365868,65144.321086435,70319.832940113,75719.5626726266,80140.6935918679,82988.0013654999,86517.8795267178,87424.1659951556,89109.0049687428,90688.6006402226,91953.7275839211,92329.1825138833,98086.8437600692,98346.7672953456,98949.6362412099,100412.389135423,100980.596027525,100370.705737353,100804.887211089,97560.1920871328,94222.9216473813,91443.7445173614,88732.7266142516,86301.0225245537,83915.1943520931,81709.3997875405,79593.9538725829,77626.3972213526,75774.7028643694,74131.1324102622,72502.3285891873,70951.462538527,69594.2324059852,68337.1051296973
"MWI",487786.759283384,754642.691540672,1085514.84929447,1072547.35288427,1203109.51369547,1204672.16256204,1209549.189143,1143877.44860388,1153297.59248433,1077201.01694024,907222.015243009,873780.499840153,792696.111889539,751351.0263352,715076.650311371,706940.665431631,717978.684816153,702732.640073407,119581.912760438,280291.617178319,399294.902824499,535993.296134051,618061.076399683,677281.882658086,718149.767545476,330221.874863067,462239.450238984,555768.894991133,270518.466174075,671776.467785071,707469.293063233,760400.942586675,805570.187726485,446404.167781839,578132.368054985,718436.515076553,430159.637253253
"MYS",NA,NA,NA,NA,NA,NA,NA,NA,NA,NA,NA,NA,NA,NA,NA,NA,NA,NA,NA,NA,NA,NA,NA,NA,NA,NA,NA,NA,NA,NA,NA,NA,NA,NA,NA,NA,NA
"NAM",NA,NA,NA,NA,NA,NA,NA,112534.032845074,158277.531277613,203514.992043567,215663.500019629,303465.503567847,315140.974243084,307596.265899367,327611.882386995,396922.493034418,466284.563706377,36764.0892388972,25847.0084587618,49498.2283805549,41051.547081272,66990.5880818073,90113.4702365361,49575.8475750146,70790.9155899074,96269.1418885136,118324.298436191,137481.283818797,220537.533594989,191199.410077179,207189.177824806,221042.949338943,32375.1059847233,54995.7587691101,41964.2996644824,8427.16678968338,32555.3219282227
"NER",964842.925622945,933615.707736378,819164.30379558,993311.389984515,1303678.37466621,709222.776798845,608865.76912542,648257.891469294,762405.369999803,740278.947850933,1854960.24439726,999053.613560195,1036512.48276279,1227506.33425621,1518636.98413545,1538708.91733838,1081998.52083078,745201.527447782,1133262.44715206,933409.57717952,1593100.67729182,1170057.62201421,1510010.79671336,1665319.30776276,216026.901008334,313489.50373826,374844.536896135,427100.356961741,194485.773321443,319766.767652481,226342.638622498,343032.986969442,46196.4347369745,310127.576001407,676884.327589818,64065.9242987474,350797.541028494
"NGA",7746285.17105642,7972749.26567189,7955269.01657685,9626891.03900584,8983594.32971642,7483464.37270302,6124077.67946095,6069950.9586643,9367200.70092187,7831445.69410939,5011135.91430312,6807600.46762692,5597437.17515996,7845831.39018026,6465572.94911318,7240206.0111228,8136854.77114276,9668204.62707973,12589537.8165381,12376702.7318366,10899907.1021506,6301999.56228934,10207262.0841724,5934340.92658533,9082134.08758014,3831105.33319514,3608736.18905361,6228483.51311642,2314257.89744776,5653454.92165092,8770491.05618685,3865406.88582272,6737809.62856277,3855098.19749649,7428774.45211992,9278050.55731676,4949960.78381662
"NIC",NA,NA,NA,NA,NA,NA,NA,NA,NA,NA,NA,NA,NA,NA,NA,NA,NA,NA,NA,NA,NA,NA,NA,NA,NA,NA,NA,NA,NA,NA,NA,NA,NA,NA,NA,NA,NA
"NIU",176.043714074534,194.01402173837,216.100831069804,241.374500415621,266.687059327308,275.808592484818,276.214974547357,276.486278214926,275.641147088412,274.595664556431,278.996733689764,277.736656662281,276.360033432074,275.070301774705,300.049635034749,298.020556853613,295.932402329669,17.4801477776143,18.0246977677679,18.5472534654804,19.0584319882781,19.9041224001903,22.0859495399765,22.5605100777638,23.994806388868,24.4443265192728,24.9435664547518,25.3580638093956,25.7496347810314,26.1182123936914,26.4652924018538,26.8116598454665,27.1573032892679,27.5022114006661,27.8463875686428,28.1898073543036,28.5324424503936
"NLD",NA,NA,NA,NA,NA,NA,NA,NA,NA,NA,NA,NA,NA,NA,NA,NA,NA,NA,NA,NA,NA,NA,NA,NA,NA,NA,NA,NA,NA,NA,NA,NA,NA,NA,NA,NA,NA
"NOR",NA,NA,NA,NA,NA,NA,NA,NA,NA,NA,NA,NA,NA,NA,NA,NA,NA,NA,NA,NA,NA,NA,NA,NA,NA,NA,NA,NA,NA,NA,NA,NA,NA,NA,NA,NA,NA
"NPL",578304.134708217,1231321.90425178,1457462.13688913,1816037.40221626,1653179.42787306,1372714.11108619,1288138.16681185,1202135.85469083,1156739.88099749,1142294.82287497,1113012.94819954,1118298.44445719,1103520.4320697,1553844.55149246,2897584.50783195,3800410.00552783,5146151.94539734,4065924.63741526,4242817.68196859,4637808.75782037,5025213.82307243,4337729.42534036,5578940.10322776,5522366.63588407,3225435.72820137,2284909.23807533,2181536.13029688,2353522.81688881,1242182.55843631,1232725.70434635,1946453.29009907,2741168.27048174,469234.306548973,651857.703492867,1221708.88322144,210463.261564509,351513.192838713
"NRU",593.863089891927,822.104495087166,1060.90777356531,1282.96030845042,1488.75260200118,1676.78658870574,1870.59660450815,2049.8493541013,2209.65489710121,2652.60535678155,2750.51319462648,2841.00201546547,2946.69553144852,3042.78090436618,3124.4787350577,3204.0304558945,3042.17337647976,171.373290153808,343.352952542751,634.787510386412,632.333037254009,811.024400961549,948.783253572911,980.107938572119,1001.34411073777,982.959036134433,965.079775531174,948.079732176064,933.879980588589,918.751714259818,902.680400431878,898.707964659211,887.806795793435,877.346059192977,866.658350222458,856.389733852414,847.646797839274
"NZL",NA,NA,NA,NA,NA,NA,NA,NA,NA,NA,NA,NA,NA,NA,NA,NA,NA,NA,NA,NA,NA,NA,NA,NA,NA,NA,NA,NA,NA,NA,NA,NA,NA,NA,NA,NA,NA
"OMN",NA,NA,NA,NA,NA,NA,NA,NA,NA,NA,NA,NA,NA,NA,NA,NA,NA,NA,NA,NA,NA,NA,NA,NA,NA,NA,NA,NA,NA,NA,NA,NA,NA,NA,NA,NA,NA
"PAK",10233549.54238,8354450.38139887,8542789.18431054,14552476.6811341,10102470.5814797,13284092.5530307,13997562.0119088,15970604.0438387,10321344.2923062,9660650.88821387,8215588.05105762,8687210.34043102,8462935.2680466,8164829.3005508,8384940.81467951,8175212.92984587,8474965.40798054,8854244.21083776,9323982.70882523,9082720.56871165,9839642.58638555,10202996.3726473,10863604.3476094,10830592.7377085,10025189.217763,11564154.0758985,10339722.6282579,5275163.8797795,3061130.62711445,4932827.83129584,5767453.80715336,6932471.46757554,9767598.00976671,2237427.47490619,735089.843068065,2391337.69986816,996796.433812442
"PAN",NA,NA,NA,NA,NA,NA,NA,NA,NA,NA,NA,NA,NA,NA,NA,NA,NA,NA,NA,NA,NA,NA,NA,NA,NA,NA,NA,NA,NA,NA,NA,NA,NA,NA,NA,NA,NA
"PER",NA,NA,NA,NA,NA,NA,NA,NA,NA,NA,NA,NA,NA,NA,NA,NA,NA,NA,NA,NA,NA,NA,NA,NA,NA,NA,NA,NA,NA,NA,NA,NA,NA,NA,NA,NA,NA
"PHL",4423527.37860644,7101415.14797543,9321105.41134479,12407686.7485193,12856439.4606093,12874340.4966043,14201745.6080657,14094341.5810291,13991688.5698963,12473106.8093789,11064398.523597,11081624.4398206,9203037.45272198,8002485.45344039,7397114.29272989,7758545.53497512,7460873.20299489,6836457.51345227,758472.579883956,1621415.67364038,2518869.64686383,3420284.3363332,4412634.27424243,4642524.24946674,2890024.03679936,3263517.7444724,3595600.99362016,2584158.55299236,2819944.5708978,3603145.00195172,4304593.05828282,2945057.75723018,3302137.95950084,6342204.68989632,3631998.30694762,3980265.02297182,4250282.32342052
"PLW",302.989841096412,358.699011452583,386.489158206137,394.296457278115,399.218555445763,233.515620953179,194.631841553565,176.912290811249,191.093267825932,179.256724237082,175.311239517937,184.675446194214,2195.61614474337,337.334954092332,248.624211513605,218.21788219846,247.80170698307,305.009363307029,227.96133765224,211.966043525813,287.613660809985,219.207967145419,253.660959848019,203.086644167109,180.498972649877,166.305486567551,167.358639013543,165.517232348554,250.069802823865,379.614777729431,273.542637005473,183.10796856787,170.766966233144,162.225635146303,158.121994531284,155.237450435633,153.647176576134
"PNG",363377.167504974,304842.498953453,266894.892598677,266606.867018385,201173.998679505,213218.36393534,280958.880285146,221513.780508581,280096.378859311,184495.311632455,143708.602423968,234953.78497429,262808.264260788,240382.284447976,183401.602166109,154714.309844555,112698.008425284,83385.6419395574,255921.950753469,261771.063202692,201792.875003003,247766.403036411,200309.115544075,139292.496800994,107447.69137387,48897.165259401,66126.0614157983,73850.7272958286,78272.0828329409,61238.9847426805,71750.3038587552,74887.728481882,46888.3456311636,248860.240195346,132052.159543104,63982.5129356473,80366.4119684097
"POL",NA,NA,NA,NA,NA,NA,NA,NA,NA,NA,NA,NA,NA,NA,NA,NA,NA,NA,NA,NA,NA,NA,NA,NA,NA,NA,NA,NA,NA,NA,NA,NA,NA,NA,NA,NA,NA
"PRK",372047.907181952,643562.886091501,920183.284050647,1199075.32011664,1457960.95722298,1697274.77517147,1965538.79554178,2157922.26465106,2214145.91860398,2274183.15592977,2334459.93882539,2391388.82626457,2448126.41021353,2559279.30355201,2723080.41920411,2942163.4826537,3210719.59651512,3422810.59589489,3583019.01468786,2430672.67461169,2505432.17895583,2559339.49699832,2620964.92271576,2680836.09096703,2736110.01981916,2789758.9452015,2833695.52399349,168018.503469677,173154.145091254,177472.43258973,181916.362732449,186331.618721031,190649.496237885,194971.449469935,199552.17641029,203883.087594095,208218.495893719
"PRT",NA,NA,NA,NA,NA,NA,NA,NA,NA,NA,NA,NA,NA,NA,NA,NA,NA,NA,NA,NA,NA,NA,NA,NA,NA,NA,NA,NA,NA,NA,NA,NA,NA,NA,NA,NA,NA
"PRY",NA,NA,NA,NA,NA,NA,NA,NA,NA,NA,NA,NA,NA,NA,NA,NA,NA,NA,NA,NA,NA,NA,NA,NA,NA,NA,NA,NA,NA,NA,NA,NA,NA,NA,NA,NA,NA
"QAT",21312.9664145927,12313.8799071613,16127.591190339,17493.0646602025,24489.0850749026,18788.7818404673,13164.838465853,12475.9662805925,23609.3260412866,12580.6571628985,15767.2072786291,8188.70054086906,6965.2111824538,5527.07557238123,4347.08117148824,4319.14456612364,16230.3859380398,8950.22488368882,9001.83330709774,6095.15648385825,2156.63583695303,3278.45758000653,3657.85211091973,4082.04683265932,6027.21369507543,9654.52033417657,18072.0227340547,12348.8472069942,12157.6264575522,18575.7782356353,14988.4777515986,15956.5541460144,13826.7886652384,18818.9815076242,13796.20923145,12174.1802509126,10548.6919893927
"ROU",592292.845507485,1086484.57878888,336178.01155827,250348.977346522,263531.151162908,690546.741376162,427055.781510645,275227.211819147,255988.788257213,259563.030448882,218192.507198283,264635.82785896,603744.507733682,345939.695895574,248640.127087873,198369.286930974,507917.045641031,373532.614333399,37598.7987196007,48047.1620283269,57504.2881111316,65535.2114965415,72237.2563758198,79775.1966946944,172893.676263648,195412.451989852,160687.521796814,139838.868122924,128573.976273279,123777.56383028,183890.786859786,266447.117463623,193360.138868245,152150.669829821,132500.899120969,158322.541087427,273790.642022665
"RUS",NA,NA,NA,NA,NA,NA,NA,NA,NA,NA,NA,NA,NA,NA,NA,NA,NA,NA,NA,NA,NA,NA,NA,NA,NA,NA,NA,NA,NA,NA,NA,NA,NA,NA,NA,NA,NA
"RWA",854448.200398666,475718.702958169,348173.400123443,326155.998039967,326827.686719404,588590.980223884,305931.704989787,205528.990810224,200276.591411186,246091.459740575,204306.288929469,343977.76319694,250346.731155757,216032.027897056,454450.388700719,202131.784252369,144129.513482519,226444.613107028,199089.04386251,174348.688716397,158973.806164588,183671.921688354,149521.125452237,32935.7342043068,75903.0360515382,99841.0115543675,58385.7612232969,86681.8212433368,98718.3362232568,68953.5926567571,92620.8406995834,104255.788984471,107882.411621998,14832.2982395354,58432.1214795907,82323.7324944524,10938.0087020884
"SAU",877026.553659595,862620.727347584,1061888.86345479,866961.310174612,685313.098695586,774054.023273555,905511.557709989,549515.570699489,388166.522654404,409508.1456255,427539.105134385,594427.86737173,372229.660504196,257017.225545354,281985.017745817,282343.686677018,351681.026179731,421826.570593104,267135.734750142,285375.770353459,174785.17500627,154085.311587623,199144.265825877,258134.295176847,141390.521055927,175561.240064187,435231.064039935,87234.5857874502,96164.7097546618,112967.629951269,127097.352133325,11898.7897842049,43702.724805329,78983.6100384835,97464.1492641851,102859.195983529,134944.24691053
"SDN",4455010.40258639,3913578.25729068,2517301.54240862,2331829.85667977,4155587.79365108,2373010.56318993,2241099.38954308,2529434.92992675,3104001.02317387,3262892.65540679,2664225.19161017,3384765.57488605,2563927.34427524,2375922.24815155,2301735.39883321,2362851.47475457,2260831.79467204,2330551.83474704,2589930.77910828,2637600.84236354,2801198.52359825,2917791.86169161,2917818.73126413,1876555.78096581,1022051.81586291,1075977.9115016,1008941.93689832,1116754.97904246,1181511.80967436,1457461.98105876,1596213.53894002,1894061.4408622,1665489.23172785,91378.7245418416,377284.343288767,550038.873672725,37754.4441134432
"SEN",1043081.19256871,932632.271716263,831045.371836276,693611.695682655,675689.669328612,430371.116363928,331152.551073093,271441.160329307,538441.825637604,412294.586039607,568578.153047191,680860.068456446,675966.474037361,473548.884339771,482085.858213671,511645.878645309,483466.950021769,487152.166120996,414131.752798606,476447.155711135,1010116.45832482,851023.066381651,450554.312999629,40432.7897686989,143146.86583759,186515.550577194,114400.234658351,186953.250533109,264633.167969401,273177.583829135,249193.046050824,258205.218758933,263691.189423758,30565.4979415413,160778.613035412,206932.940091697,20819.614181089
"SGP",NA,NA,NA,NA,NA,NA,NA,NA,NA,NA,NA,NA,NA,NA,NA,NA,NA,NA,NA,NA,NA,NA,NA,NA,NA,NA,NA,NA,NA,NA,NA,NA,NA,NA,NA,NA,NA
"SLB",NA,NA,NA,NA,NA,NA,NA,NA,NA,NA,NA,NA,NA,20846.0163335229,24872.3559125124,26265.5766305251,30216.905456066,8350.93181402287,1968.21092660906,4871.44514262306,9253.28279763035,14624.2364497849,19617.2719604235,24310.1202738623,29221.958615733,31992.806474076,20273.5042153791,27130.4686771644,33796.2351960295,23427.7518787148,28377.3393742462,28082.9655743761,9142.36520894462,9476.79916777489,5578.08232105374,1880.60063644479,2172.14748743247
"SLE",497337.288593552,524120.997681776,547077.726716255,524630.289415865,472760.393624554,197432.620529283,252399.535941511,178716.863466761,212782.403357249,241740.252035838,187359.274926095,247948.406556992,398348.244475585,192860.847060634,182406.376370332,283360.897964322,199763.907909924,299682.504001555,287108.062890861,345663.171504225,234321.382351868,211123.04015195,211700.058532609,28345.3261534588,70801.5267754281,95203.7087398564,58931.5620344961,90611.9980754729,98030.8764339088,260122.134749005,430616.66103091,278087.942643357,89563.6665442476,135732.833030203,250544.290130195,285914.590909756,474957.03128403
"SLV",NA,NA,NA,NA,NA,NA,NA,NA,NA,NA,NA,NA,NA,NA,NA,NA,NA,NA,NA,NA,NA,NA,NA,NA,NA,NA,NA,NA,NA,NA,NA,NA,NA,NA,NA,NA,NA
"SMR",NA,NA,NA,NA,NA,NA,NA,NA,NA,NA,NA,NA,NA,NA,NA,NA,NA,NA,NA,NA,NA,NA,NA,NA,NA,NA,NA,NA,NA,NA,NA,NA,NA,NA,NA,NA,NA
"SOM",NA,NA,NA,237003.545269094,396435.350069139,571640.971228211,736399.219822959,883618.846238203,1047109.25044014,1185794.48613911,1316130.09776505,1433622.70767214,1540614.77760613,1635823.21899313,1727447.75710572,1835051.66601045,1938854.95111049,2089193.03437118,2319706.43917699,2472729.87477257,2594591.83873242,2896015.54762437,3101840.04122759,3428046.89645016,3355064.84644381,2915461.0667377,1396775.7140691,469137.192664641,649806.339550288,449722.995218614,905592.380500198,786210.863633853,549950.50797988,243344.991901713,185243.223602446,356219.005011294,275568.42213905
"SRB",NA,NA,NA,NA,NA,NA,NA,NA,NA,NA,NA,NA,NA,NA,NA,NA,NA,NA,NA,NA,NA,NA,NA,NA,NA,NA,NA,NA,NA,NA,NA,NA,NA,NA,NA,NA,NA
"STP",14513.5122571,5006.1505778037,16100.4214260015,12416.0784310698,7712.89182375215,7739.89486627934,3841.35207153995,11522.4356171574,10029.7195427256,4896.36504255299,3183.43529642485,3003.89657959972,9920.52408158332,22455.6858195381,6976.51144934506,4224.27862021392,3407.06482547266,5437.25785779561,6863.41895635802,787.197045444464,1784.36463836344,2116.76278729347,2289.7005401149,2332.89398689498,2448.10294681429,2603.052010259,2695.80636146185,231.733979133209,1403.99728008658,1969.71863948615,2345.99558626375,2561.74959258846,1702.60343085376,2285.69334799792,2526.37838029598,1630.69177263504,2265.06336691471
"SUR",NA,NA,NA,NA,NA,NA,NA,NA,NA,NA,NA,NA,NA,NA,NA,NA,NA,NA,NA,NA,NA,NA,NA,NA,NA,NA,NA,NA,NA,NA,NA,NA,NA,NA,NA,NA,NA
"SVK",NA,NA,NA,NA,NA,NA,NA,NA,NA,NA,NA,NA,NA,NA,NA,NA,NA,NA,NA,NA,NA,NA,NA,NA,NA,NA,NA,NA,NA,NA,NA,NA,NA,NA,NA,NA,NA
"SVN",NA,NA,NA,NA,NA,NA,NA,NA,NA,NA,NA,NA,NA,NA,NA,NA,NA,NA,NA,NA,NA,NA,NA,NA,NA,NA,NA,NA,NA,NA,NA,NA,NA,NA,NA,NA,NA
"SWE",NA,NA,NA,NA,NA,NA,NA,NA,NA,NA,NA,NA,NA,NA,NA,NA,NA,NA,NA,NA,NA,NA,NA,NA,NA,NA,NA,NA,NA,NA,NA,NA,NA,NA,NA,NA,NA
"SWZ",NA,NA,NA,NA,NA,NA,NA,NA,NA,NA,NA,NA,NA,NA,NA,NA,NA,NA,NA,NA,NA,NA,NA,NA,NA,NA,NA,NA,NA,NA,NA,NA,NA,NA,NA,NA,NA
"SYC",NA,NA,NA,NA,NA,NA,NA,NA,NA,NA,NA,NA,NA,NA,NA,NA,NA,NA,NA,NA,NA,NA,NA,NA,NA,NA,NA,NA,NA,NA,NA,NA,NA,NA,NA,NA,NA
"SYR",775927.576308388,1107081.26693511,1473083.07636267,1887944.50529851,2203661.01287534,2665656.56253867,2898295.52041404,3026527.20247544,3123594.1979844,3184032.91724032,3223169.70474595,3265741.87626825,3626293.24282517,3787547.65243019,3954548.12257117,4283235.13952341,5864125.78201371,5682672.9057153,333220.574785293,351569.680288898,367271.416056803,384091.818473493,405788.464120805,421009.954319579,440061.855147626,462423.419702323,485273.974617556,227575.096354351,239615.276225765,253162.438986634,263897.232840118,284431.293488237,198434.200646956,10862.7385747731,11600.857967279,13026.5414119556,873.45672000633
"TCD",NA,409815.944572291,688320.258330492,1102189.95160735,1636795.74786497,1971425.54651475,2270787.14975265,2516007.52757031,3074671.40315833,3474857.43445109,5172755.20488724,6024539.0745349,6630047.84764678,5984152.46916415,6699669.10987926,7374967.63189889,6624608.12505978,6449964.55465115,5782000.85802085,5125780.98534119,6399380.71910269,5869130.43672653,6229281.06463679,6116982.3847407,5173503.826236,2770229.56774876,1172005.54539804,1499835.26942498,465173.625629078,178001.449200713,252195.424510884,276300.462762999,117518.220727676,265029.21572261,69751.537685804,65651.7284960262,291919.202180257
"TGO",474834.704096633,462745.036984954,439571.451956567,530948.933746069,534299.809869087,378494.09304174,329972.252069896,462720.359623848,239920.830008935,229507.334516439,350825.889075902,295362.877185939,237241.064668776,302453.622283245,286810.090877863,172126.024662565,144250.252224243,227043.421080378,208030.144256022,232222.713242732,205272.349968167,25462.3851408149,78696.2678734582,90253.4621597832,42395.2652734779,68816.783114086,87439.4906480129,111039.258961172,84631.8167736338,104894.470903111,71393.7697445573,104820.919446687,134132.625511309,65409.1244514055,85262.8973310155,96290.0904590906,38337.3998935039
"THA",3230192.23223819,3504715.23972275,3982314.80081513,4778649.75026165,3905546.57268184,3067627.86802953,4794530.63979439,4243175.24242609,2806249.90329608,3981043.50516955,3675665.26385828,2227002.41938775,3039962.59810459,4868101.09397134,2624025.20051917,1830881.41122283,2900865.03095884,2665400.78839204,1531481.35175459,1440746.09262624,1978655.24195707,1851617.21997891,1570694.21226983,1444913.60280632,1372524.86706697,1378716.30625625,1435146.19626293,2058133.21518858,1827136.07623158,1291939.89678844,1281402.94586604,1680297.01671557,1278189.65014837,940476.470075934,613393.564707462,611322.246223652,974686.563205102
"TJK",NA,NA,NA,NA,NA,NA,NA,NA,NA,NA,432579.316443227,450001.522585793,509921.023485622,467492.621010419,430415.449904058,394270.807049505,448171.470955756,477743.723178984,423888.346225713,382596.741689307,351754.836165305,344804.072017219,365867.933388837,336762.449022416,22018.1200623515,29041.4779952116,35694.6862668342,43542.6862536178,50778.4908909202,3695.21921232481,8198.56836634062,14299.1477482633,20631.7952052409,27106.5015556057,32048.5749531522,37306.0360323308,46097.6055208697
"TKM",NA,NA,NA,NA,NA,NA,NA,NA,NA,NA,NA,NA,NA,NA,NA,NA,NA,NA,NA,NA,NA,NA,NA,NA,NA,NA,NA,NA,NA,NA,NA,NA,NA,NA,NA,NA,NA
"TLS",NA,NA,NA,NA,NA,NA,NA,NA,NA,NA,NA,NA,NA,NA,NA,NA,NA,NA,NA,NA,NA,NA,NA,NA,NA,NA,NA,NA,NA,NA,NA,NA,NA,NA,NA,NA,NA
"TON",NA,NA,NA,NA,NA,NA,NA,NA,NA,NA,NA,NA,NA,NA,NA,NA,NA,NA,NA,NA,NA,NA,NA,NA,NA,NA,NA,NA,NA,NA,NA,NA,NA,NA,NA,NA,NA
"TTO",NA,NA,NA,NA,NA,NA,NA,NA,NA,NA,NA,NA,NA,NA,NA,NA,NA,NA,NA,NA,NA,NA,NA,NA,NA,NA,NA,NA,NA,NA,NA,NA,NA,NA,NA,NA,NA
"TUN",NA,NA,NA,NA,NA,NA,NA,NA,NA,NA,NA,NA,NA,NA,NA,NA,NA,NA,NA,NA,NA,NA,NA,NA,NA,NA,NA,NA,NA,NA,NA,NA,NA,NA,NA,NA,NA
"TUR",2986959.38851163,3517160.87174657,4374377.72312975,5339275.99421198,5630329.7896547,5322072.59725923,5090653.6595997,5064814.27658068,5557574.83395689,5540618.77136783,6049489.26746564,6473824.82136195,7253695.36744753,7311282.69651303,7040144.26750669,7372775.28314458,7200804.28251152,7257003.3914018,6825842.39755445,6525146.06747609,6862853.69782778,6242154.07686908,5732287.33847037,916328.989696727,889846.550280724,427610.354821735,446240.023193297,463007.479627711,481902.081128479,499472.732635513,518670.268124877,536706.451711989,634204.253896098,658707.675594994,682306.009789947,699446.780681236,720447.614155308
"TUV",623.671750839168,847.300734276515,888.576450272723,910.779484014588,883.053980868929,927.90863010761,1019.86361407831,982.082909693714,979.106652575945,934.929933248501,974.913548637605,1002.4982979912,1024.20679493167,1009.06620576081,962.935531717508,933.460687026405,890.56513694634,858.781090061724,49.7559700666827,112.634806823684,116.796966593476,122.372851681202,126.220212302401,129.571513991418,139.850057108874,13.4250775355943,18.4323826997229,24.6714350324689,33.4424879357474,42.8877281207636,47.8063860454884,51.5200668164455,55.7488044969246,59.9988408340928,64.7638643064922,69.0115659444562,73.5122655797032
"TZA",2605546.16171027,2721525.47984353,2180556.73270589,1664115.86392153,1801797.78237266,1652977.5437644,1766327.19964573,1151940.09549823,867049.558992282,1072078.64165664,1484271.40036013,1137404.06103212,1205611.97621283,839078.779734264,731533.368694242,998151.732784307,954330.082637077,1052499.59711214,950274.094702695,1229728.65157417,1109978.58090297,808292.061981719,660861.962734094,620227.508220223,559482.56412198,406071.001251289,904440.066071273,743614.165871886,602531.561925087,487471.603595931,504320.241202169,320921.796890398,305684.768067414,373506.514256515,21146.0317695167,88894.8101955696,182203.215239272
"UGA",1865141.15001623,3354721.51568095,5206210.62197229,5790127.0793735,6078716.4738984,6320207.24386336,6510561.58676118,4015766.60735962,3326689.50786151,3210550.56303503,3566232.37884515,8777565.66498968,8810067.35697323,11041289.7285239,10590169.4416939,9062489.77992799,7307052.79444815,10076398.1987215,10764545.1814767,11198921.2314871,9681468.54901148,12089240.060245,10599806.4133303,638207.687124477,1132727.44931978,2044176.32217253,2816582.35284142,3059751.65287769,3258938.41953579,1580295.97395041,2285686.73346463,2768651.9411536,1564506.11249524,2056261.13085837,2442078.26793736,1203968.5631774,1768690.70999203
"UKR",NA,NA,NA,NA,NA,NA,NA,NA,NA,NA,3063671.19523148,3153538.34807764,3727083.75233621,3758403.3361019,3690668.54462987,3773514.15843162,3829343.72034167,3845060.04051209,3745285.47630751,3632306.74914336,4077700.94238828,4192615.96134611,4008102.0095094,3831335.03914644,3762611.3008641,5212592.50532563,4998157.44357583,4771276.93962077,4568603.49268586,4398359.32755415,4316111.52102626,4599338.50983463,4413777.66182676,4332315.67319272,4216499.31052453,4134550.94518522,4157113.06602033
"URY",NA,NA,NA,NA,NA,NA,NA,NA,NA,NA,NA,NA,NA,NA,NA,NA,NA,NA,NA,NA,NA,NA,NA,NA,NA,NA,NA,NA,NA,NA,NA,NA,NA,NA,NA,NA,NA
"USA",NA,NA,NA,NA,NA,NA,NA,NA,NA,NA,NA,NA,NA,NA,NA,NA,NA,NA,NA,NA,NA,NA,NA,NA,NA,NA,NA,NA,NA,NA,NA,NA,NA,NA,NA,NA,NA
"UZB",NA,NA,NA,NA,NA,NA,NA,NA,NA,NA,1530809.37327615,1081044.42005792,1193276.93442186,992882.341047217,536979.468890434,409418.883380993,393102.411738245,715441.55553508,857467.803170889,437991.147170605,286080.953486701,224717.880041755,229944.501519588,226337.685911689,663582.653350409,725788.853110608,742060.724273459,48759.9078159068,104420.554777668,219590.348328639,533081.553319693,30237.3498890129,39835.2934418014,52733.3291210895,73673.3611477936,78780.696761872,82386.9367156594
"VCT",NA,NA,NA,NA,NA,NA,NA,NA,NA,NA,NA,NA,NA,NA,NA,NA,NA,NA,NA,NA,NA,NA,NA,NA,NA,NA,NA,NA,NA,NA,NA,NA,NA,NA,NA,NA,NA
"VEN",NA,NA,NA,NA,NA,NA,NA,NA,NA,NA,NA,NA,NA,NA,NA,NA,NA,NA,NA,NA,NA,NA,NA,NA,NA,NA,NA,NA,NA,NA,NA,NA,NA,NA,NA,NA,NA
"VNM",4069890.35824907,5202237.47904138,6132489.92974073,6638422.37797155,6737210.04799541,6514660.17620368,6411294.97879294,6074646.11963778,5605825.15725014,5136055.25383571,4840909.78954136,4614154.72197752,4408164.7267422,4100768.27197258,3983907.89230715,3871417.56534269,3776409.83466324,3698081.62665041,3657152.43575085,3591256.53753512,3527548.27457367,3501064.14016573,2638618.50149589,1849951.21095424,2077715.80298701,2066642.30324992,2352610.61212477,2280275.79342076,2439446.47875659,2510738.51769527,1680681.31404691,1833047.7105811,1970372.01495591,104997.084359223,15221.0885015673,194986.038635121,19848.0523544116
"VUT",5197.3284123607,17569.8533958862,11525.3498824784,26174.0742678948,17642.1507541088,19134.5543829329,10483.7279797922,7811.61385232949,7793.00886360464,5978.57689018481,14599.8312043544,8874.70163773112,6369.77378281029,5385.05198547863,4982.52930069483,4375.04669834834,6549.05312882728,8341.12767707099,1064.92635782372,2843.3760405348,3655.34208703755,6466.52389836289,8599.05580863251,10675.4074580488,6655.51553354304,5593.59590994426,1581.90457827667,1743.77389230244,1827.68317977467,877.937890751492,1294.58473258351,1805.11612669524,2133.96426554933,1329.88361517232,3013.08511823956,3822.54588397941,1632.04447400246
"WSM",5320.50824874095,5086.06710210339,6435.24631745629,7436.23188407036,20491.7342288368,18624.1935359143,17859.2532814536,17416.3571892926,16739.2450886202,15882.1888179748,15784.3324376448,15106.9386596748,14486.2754528419,13896.2320423589,13328.3451679189,12934.4101840933,12398.4552885675,11956.4348417808,939.045428846396,1666.21824145989,2433.93194276615,2481.34091926937,4658.13110562276,3292.20672203006,4534.66878875114,6541.17728992924,7488.02669467671,8533.55086002224,4609.56256624847,3154.07443796862,3896.86257355949,4257.87242891377,4363.67023789994,4464.50366312088,5054.44334248392,5627.5314139747,6327.45403987924
"YEM",1217781.08833153,1820426.11929409,2247508.63196061,2539499.67250947,2241210.06634188,1836426.13607353,1831127.49494658,1603955.79803157,2099902.22679083,1829679.9470523,1261374.55818313,1213356.45899424,1128738.58170119,1139912.59315592,1142707.55703475,1419378.65370203,1244891.05698506,1476186.38169783,1714800.01215933,1741537.78231256,1398268.581244,1134796.31272593,1456622.32099702,1683815.22502251,1611544.60234606,1685429.95576525,112956.129004517,223749.093213317,420713.932812675,555676.553103512,718012.41520389,816343.873815432,267089.704508536,100723.775947101,12166.6799265539,45603.8511755823,52476.4145208749
"ZAF",2648121.77774967,2491210.39425052,2792934.99116744,2770512.07066597,2958115.39163124,2596429.78059322,3480224.10777764,2833969.80613027,3119264.97941448,2430050.46694126,1758277.09715123,1747769.28906884,2714694.22617149,2050137.82713947,2245738.59553085,1980084.50256537,1092122.10253824,372893.211679515,496380.209912043,805170.211811745,690217.097680987,828963.081638579,716879.329123444,786759.115229868,594328.906413489,661208.499647387,677631.806222606,405478.313367428,1067098.74921676,2291560.02088914,1307930.66854732,944707.378741865,818556.824910343,709180.132621814,665287.797014864,660240.74186752,396058.652959115
"ZMB",1036312.8094213,537437.591976486,441823.121110511,376445.461053983,453844.880026896,321265.244867267,252473.792208802,232033.41065488,183835.688080591,177294.451304025,152343.95941893,217079.880597165,231414.719269117,253995.3515292,219590.259413318,223620.650913883,208603.091166252,292924.572133039,351144.998236842,410679.389303507,327109.69734114,377658.529585168,194097.861242249,18049.7671196993,82750.8734512561,122669.543255944,129926.753115567,76851.0090767654,112186.08839903,331499.206876137,332471.446769788,240279.286558796,23183.3376537508,118888.670044723,147459.519903258,16752.9386480472,91254.6509107539
"ZWE",498698.596032238,579128.419201593,1680696.03575811,1284450.06084887,1259238.58871338,1225422.89200269,1164215.21958227,2086543.06707932,1984635.21149213,1261568.84021527,1411742.29315318,1257745.16531109,1731424.92001275,1852442.74150653,1156461.24154607,1874092.50926792,1286467.55136095,840850.639509142,114585.869037792,279680.560682149,348493.857984726,381069.237697761,270926.330127669,342791.078183112,395818.165418424,414180.377446946,238081.769156586,322429.437762766,396582.639749864,640366.710797531,487456.036874763,439132.674907328,214330.983436402,348315.951951428,388110.877922894,203184.824972078,312016.354704394
